100000 20
200000 43.2
300000 69
400000 98.8
500000 131
600000 174.4
700000 188
800000 215.2
900000 245.8
1000000 281.8
1100000 316
1200000 358.2
1300000 394.8
1400000 442
1500000 464.2
1600000 516.6
1700000 560.6
1800000 593.2
1900000 642
2000000 681.2
2100000 714.8
2200000 762.2
2300000 814.6
2400000 868.2
2500000 908.4
2600000 951.6
2700000 997.6
2800000 1032.4
2900000 1073.6
3000000 1128.2
3100000 1163.2
3200000 1259.4
3300000 1301
3400000 1324.2
3500000 1378.6
3600000 1432
3700000 1468.4
3800000 1529.8
3900000 1565.4
4000000 1603.2
4100000 1648.6
4200000 1735.8
4300000 1751.8
4400000 1808.8
4500000 1863.6
4600000 1919.6
4700000 1959
4800000 2058.8
4900000 2076.4
5000000 2132.4
5100000 2184.8
5200000 2248
5300000 2284.4
5400000 2344.4
5500000 2405.4
5600000 2453.6
5700000 2513
5800000 2570.8
5900000 2616.6
6000000 2657
6100000 2707.4
6200000 2902
6300000 2970
6400000 2982.2
6500000 3050.4
6600000 3113.6
6700000 3147
6800000 3130
6900000 3171.4
7000000 3243.4
7100000 3287.6
7200000 3366.2
7300000 3427.2
7400000 3485.2
7500000 3822.4
7600000 3678.4
7700000 3729
7800000 3796.2
7900000 3922.6
8000000 4095.6
8100000 3872.6
8200000 3916.2
8300000 3982.4
8400000 4190.6
8500000 4172
8600000 4286.6
8700000 4465.6
8800000 4489.2
8900000 4514
9000000 4580.8
9100000 4704
9200000 4686.2
9300000 4735.6
9400000 4899.8
9500000 4831.6
9600000 4854.2
9700000 4828.4
9800000 4839.8
9900000 4536.2
10000000 4596.8
